  Detailed Percentile spectrum:
       Value   Percentile   TotalCount 1/(1-Percentile)

       0.087     0.000000            1         1.00
       0.942     0.100000        29283         1.11
       1.178     0.200000        58513         1.25
       1.372     0.300000        87769         1.43
       1.557     0.400000       117014         1.67
       1.751     0.500000       146308         2.00
       1.858     0.550000       160851         2.22
       1.974     0.600000       175546         2.50
       2.103     0.650000       190146         2.86
       2.249     0.700000       204753         3.33
       2.413     0.750000       219396         4.00
       2.507     0.775000       226700         4.44
       2.615     0.800000       234001         5.00
       2.741     0.825000       241345         5.71
       2.887     0.850000       248637         6.67
       3.075     0.875000       255894         8.00
       3.191     0.887500       259599         8.89
       3.337     0.900000       263229        10.00
       3.525     0.912500       266875        11.43
       3.763     0.925000       270512        13.33
       4.073     0.937500       274167        16.00
       4.367     0.943750       276007        17.78
       5.183     0.950000       277825        20.00
       6.739     0.956250       279654        22.86
       8.239     0.962500       281487        26.67
       9.767     0.968750       283313        32.00
      10.543     0.971875       284225        35.56
      11.431     0.975000       285135        40.00
      12.431     0.978125       286055        45.71
      13.591     0.981250       286964        53.33
      14.951     0.984375       287875        64.00
      15.759     0.985938       288334        71.11
      16.559     0.987500       288792        80.00
      17.343     0.989062       289246        91.43
      18.175     0.990625       289703       106.67
      19.151     0.992188       290161       128.00
      19.615     0.992969       290389       142.22
      20.111     0.993750       290619       160.00
      20.687     0.994531       290845       182.86
      21.343     0.995313       291076       213.33
      22.223     0.996094       291303       256.00
      22.639     0.996484       291420       284.44
      23.087     0.996875       291531       320.00
      23.535     0.997266       291645       365.71
      24.111     0.997656       291760       426.67
      24.719     0.998047       291877       512.00
      24.975     0.998242       291930       568.89
      25.343     0.998437       291989       640.00
      25.679     0.998633       292045       731.43
      26.111     0.998828       292103       853.33
      26.671     0.999023       292159      1024.00
      26.927     0.999121       292187      1137.78
      27.215     0.999219       292217      1280.00
      27.583     0.999316       292245      1462.86
      27.999     0.999414       292275      1706.67
      28.287     0.999512       292302      2048.00
      28.463     0.999561       292319      2275.56
      28.735     0.999609       292330      2560.00
      28.927     0.999658       292349      2925.71
      29.055     0.999707       292359      3413.33
      29.263     0.999756       292374      4096.00
      29.343     0.999780       292380      4551.11
      29.583     0.999805       292387      5120.00
      29.727     0.999829       292395      5851.43
      29.967     0.999854       292402      6826.67
      30.383     0.999878       292409      8192.00
      30.703     0.999890       292412      9102.22
      30.927     0.999902       292416     10240.00
      31.151     0.999915       292422     11702.86
      31.183     0.999927       292423     13653.33
      31.471     0.999939       292427     16384.00
      31.583     0.999945       292428     18204.44
      31.759     0.999951       292430     20480.00
      31.855     0.999957       292432     23405.71
      31.903     0.999963       292436     27306.67
      31.903     0.999969       292436     32768.00
      31.903     0.999973       292436     36408.89
      31.935     0.999976       292437     40960.00
      31.967     0.999979       292438     46811.43
      32.031     0.999982       292439     54613.33
      32.095     0.999985       292440     65536.00
      32.095     0.999986       292440     72817.78
      32.223     0.999988       292441     81920.00
      32.223     0.999989       292441     93622.86
      32.239     0.999991       292442    109226.67
      32.239     0.999992       292442    131072.00
      32.239     0.999993       292442    145635.56
      32.367     0.999994       292443    163840.00
      32.367     0.999995       292443    187245.71
      32.367     0.999995       292443    218453.33
      32.367     0.999996       292443    262144.00
      32.367     0.999997       292443    291271.11
      32.831     0.999997       292444    327680.00
      32.831     1.000000       292444          inf
#[Mean    =        2.382, StdDeviation   =        2.814]
#[Max     =       32.800, Total count    =       292444]
#[Buckets =           27, SubBuckets     =         2048]
